41,5
41,4
41,3
41,2
41,1
41,0
40,3
40,2
40,1
40,0
39,4
39,3
39,2
39,1
39,0
38,3
38,2
38,1
38,0
37,4
37,3
37,2
37,1
37,0
36,4
36,3
36,2
36,1
36,0
35,5
0,469
35,4
35,3
35,2
35,1
35,0
0,468
0,467
34,3
34,2
34,1
34,0
0,466
0,465
0,464
33,4
0,463
33,3
33,2
33,1
33,0
0,462
32,3
32,2
32,1
32,0
31,4
31,3
31,2
31,1
31,0
0,461
30,4
30,3
30,2
30,1
30,0
0,460
0,459
0,458
0,457
0,456
0,455
0,454
0,453
0,452
0,451
0,450
0,449
0,448
0,447
0,446
0,445
0,444
0,443
0,442
0,441
0,440
0,439
0,438
0,437
0,436
0,435
0,434
0,433
0,432
0,431
0,430
0,429
0,428
0,427
0,426
0,425
0,424
0,423
0,422
0,421
0,420
0,419
0,418
0,417
0,416
0,415
0,414
0,413
0,412
29,4
0,411
0,410
0,409
29,3
29,2
0,408
29,1
29,0
0,407
0,406
0,405
0,404
0,403
0,402
0,401
0,400
0,399
0,398
0,397
0,396
0,395
0,394
0,393
0,392
0,391
0,390
0,389
0,388
0,387
0,386
0,385
28,4
28,3
28,2
28,1
28,0
23,49
23,48
23,47
23,46
23,45
